,SalePrice,Predict
0,12.618185607609805,12.601484860406483
1,12.100717685412471,12.346137874897932
2,12.345838935721968,12.429364138780564
3,12.276069679344005,11.92577315274118
4,11.51293546492023,11.67149793565731
5,12.049424683420916,12.025318675845767
6,11.913719681428494,11.87367497115432
7,12.268582547911404,12.290976891833223
8,12.454107814022272,12.4324903915012
9,12.142871895843887,12.196764637913896
10,11.42410518016564,11.606804690947035
11,11.976665770490769,12.000338964406616
12,12.388398368982116,12.416813428567629
13,12.23028221464456,12.225022495806304
14,11.820417517632333,11.753708408674942
15,13.229569788348703,12.998880937628542
16,11.736077016252436,11.686757680403447
17,12.100717685412471,12.104752543227038
18,11.779136168550774,11.75152415271403
19,11.874097282798648,11.875023136565089
20,12.724869415131389,12.730633559538358
21,12.676079399771028,12.649411356347946
22,11.715874472198903,11.767893521810644
23,12.524166311833152,12.6325849669502
24,12.175618592671356,12.184001931643783
25,11.976665770490769,12.087136918414027
26,12.345838935721968,12.35383119241483
27,11.57355949850708,11.560120877325977
28,12.06105265381003,12.112821012611958
29,11.686887175419702,11.841546995406974
30,12.02874460037869,12.083028459108375
31,12.154784614286667,12.134765618051372
32,12.138869243416009,12.160297761436155
33,11.373674891823535,11.357893184203668
34,12.10625783509458,12.003433988362696
35,12.010671928196444,12.04846693412157
36,12.429220196836384,12.41794494241142
37,11.759793355371237,11.772401059983709
38,12.546871224308068,12.600274149738928
39,11.967187086434018,11.901146734378154
40,11.575909653758895,11.408751222747933
41,12.00762780434872,11.97015323630169
42,12.400820837540556,12.193359491443092
43,11.842236406331557,11.826240033707377
44,11.918397239722838,11.984000597360533
45,13.05301544288996,12.928826365292878
46,12.100717685412471,12.212727458130058
47,11.691080018519528,11.772485759955769
48,12.468440756144114,12.468954039910905
49,11.7636919653883,11.73155225817154
50,12.692506186542175,12.766050494931008
51,12.358798024384122,12.35418728792866
52,12.299112067295642,12.234821562311243
53,11.60824473564232,11.689206118849926
54,12.147919030759663,12.158501953969195
55,12.02874460037869,11.902606764358598
56,11.755879486687116,11.703307660306244
57,11.6262630788088,11.6400706099517
58,12.259618151783464,12.179494503678743
59,12.384223015005311,12.324682589558396
60,11.571203807011967,11.619790644806903
61,12.3879816172226,12.307453432801008
62,11.938199736300923,11.98966546424941
63,12.07254696717504,12.143945369785007
64,11.849404844423074,11.801683035112939
65,12.013706813470414,12.075613305138441
66,12.278397958261774,12.18096194741918
67,12.190964083849376,12.203470643551011
68,12.387089184491993,12.589564578641257
69,12.345838935721968,12.218951455851768
70,12.439875187430008,12.45779253462433
71,11.60824473564232,11.50714605713847
72,12.319405795112926,12.213556233401222
73,11.652696102959752,11.678067841868259
74,12.055255569732177,11.988285695601776
75,11.552155793461898,11.571194876431633
76,12.25486757159303,12.268531425259617
77,12.188422799337028,12.19668583598108
78,12.128116509451258,12.176648865968042
79,11.59433032142082,11.580885359067981
80,11.849404844423074,11.85345781437983
81,12.962196972666591,12.920530818996344
82,12.676079399771028,12.66301979119489
83,11.695255355062796,11.758010936300593
84,11.80932691294063,11.744237785079546
85,12.429220196836384,12.499338176816233
86,11.81303746480054,11.788783411556789
87,12.139403856983334,12.1610795877671
88,11.970356641103,12.066565588992344
89,11.736077016252436,11.746917853410913
90,12.476103599529845,12.471116391823436
91,12.128116509451258,12.106961570319374
92,12.310437165348777,12.355760375057535
93,11.104972264124868,11.52047019839386
94,11.0186455364637,11.264824254565655
95,12.721888795877376,12.634684113676466
96,12.524420916542532,12.160367061642402
97,12.07824495582233,11.986611400521436
98,12.08954444723597,12.16807055682483
99,12.100161978566868,12.12907081164657
100,12.103491596905933,12.065819427484007
101,12.017336559562407,12.108962096169883
102,12.421188057397057,12.428011569781948
103,12.160033942617156,12.151056475831421
104,11.898194668458824,11.897910402146229
105,11.498836682527129,11.712088444002196
106,12.053801032483948,12.15780078718443
107,11.849404844423074,11.847368235143584
108,12.220966184120163,12.241096225104716
109,12.331387247601905,12.301742462860352
110,11.511934974596556,11.381815085083893
111,12.180759965737863,12.125488709566563
112,11.19822841866684,11.384306170041897
113,11.429554725537322,11.374169313668023
114,12.278397958261774,12.282625009998949
115,12.54254845357358,12.572143704854268
116,12.392556361841775,12.223919232250994
117,11.707677772181546,12.01246235502878
118,12.165984756488545,12.10332108380385
119,11.362114203075018,11.266197111501654
120,11.824087219587645,11.97003025754665
121,11.849404844423074,11.923853277590432
122,11.678448377988165,11.510943337162448
123,11.6172944892629,11.614513210429251
124,12.328294703023394,12.399631306323318
125,11.827743504053696,11.854599443155045
126,12.861001210669146,12.666203384672476
127,11.870606902224589,11.917085746301968
128,11.849404844423074,11.868178975050716
129,12.404927602627597,12.466853455896594
130,11.891368749982083,11.85125356946633
131,12.149507585033072,12.110443893434718
132,12.367345048436391,12.567116461127581
133,12.491255347155263,12.516107531382795
134,11.824087219587645,11.848742157562498
135,12.388398368982116,12.515294060643862
136,11.461642696843066,11.655438437416315
137,12.08391066125752,11.979581096326712
138,12.513561021741964,12.499285262779969
139,11.544433821905134,11.376461682525115
140,12.040614105490253,11.992728660233022
141,12.14685859089592,12.121917472295214
142,12.206077645517674,12.304243104353672
143,11.133142723386811,11.526489507476947
144,12.001511614739403,11.876865955933352
145,12.013706813470414,12.030716395154391
146,11.804855999911272,12.093098234599143
147,11.83138646878959,11.855949435320559
148,12.097378802727306,12.008417561107258
149,11.827743504053696,11.72944755971349
150,11.31448672129398,11.319320213040697
151,11.995357787034976,12.060624934807871
152,11.60824473564232,11.816493199931173
153,12.676079399771028,12.598927205886593
154,12.100161978566868,12.168919293007358
155,11.856522261533735,11.91463664302751
156,11.884495917930655,11.777720987719624
157,11.134603622683905,11.028949403332629
158,12.0639386420412,12.035203033799752
159,12.271396795480596,12.207462865782643
160,11.846543632608537,11.75096523994118
161,11.31448672129398,11.251915033921026
162,12.225880174775122,12.182418681325256
163,11.73527670248674,11.784696960447818
164,11.87757552297847,11.779445301528622
165,11.60824473564232,11.731689584510374
166,11.81303746480054,11.943548761817722
167,11.95761769646754,11.952469245154878
168,11.755879486687116,11.92222577628539
169,12.388398368982116,12.255076953352342
170,11.808821212646512,11.66309896864172
171,12.345838935721968,12.364686818346494
172,11.92504173829169,11.903458134470197
173,12.37581963951765,12.344255964391442
174,11.74006900564972,11.726424516169924
175,12.025755079404917,12.004427452345672
176,12.09815887308463,12.06157957632107
177,11.944064817531656,12.034363755061081
178,12.25486757159303,12.149273343927101
179,11.91170829631447,11.886358619663422
180,12.178192583415596,12.237044128472382
181,12.880294363972055,12.651786379723433
182,12.343470927093518,12.40574509332903
183,12.278397958261774,12.250002926046555
184,12.367345048436391,12.335966048937715
185,11.884495917930655,11.849961222970364
186,12.6410997921206,12.654949294212487
187,12.384223015005311,12.401338656267272
188,12.154784614286667,12.141681896746022
189,11.599112335481124,11.63083152797186
190,11.918397239722838,11.915075168853841
191,13.22672519452875,13.067506352644376
192,12.004574385508691,11.993091711821824
193,11.60824473564232,11.848222546764646
194,12.206077645517674,12.177851852587445
195,12.031725210748633,12.069386907495948
196,12.242891437918386,12.311975741960905
197,11.652696102959752,11.626754352220313
198,12.765691290604371,12.679898895371045
199,12.042971193457888,11.867537828537674
200,11.83138646878959,11.821817038547696
201,11.54031687156214,11.553543438463503
202,11.921725007667265,11.852372711734306
203,11.495789479023491,11.509652852774028
204,11.946660519211653,12.030966295690886
205,12.25486757159303,12.271033123094892
206,12.160033942617156,12.19056355499264
207,11.775297421715829,11.80399435053929
208,12.149507585033072,12.211390900187205
209,12.904209855160254,12.885901954231112
210,12.437188334739655,12.473865378751736
211,12.178192583415596,12.146463402876226
212,12.352339472153524,12.211756729103778
213,11.849047640327148,11.842747427464223
214,12.319405795112926,12.354621098681303
215,12.07254696717504,11.979908561932993
216,11.571203807011967,11.428996175827361
217,11.88380602959621,11.878774174491763
218,11.477308649967686,11.378670025120064
219,11.58525542883217,11.600733842962752
220,12.206077645517674,12.321368211569103
221,12.04355959836804,12.126939541245362
222,11.6262630788088,11.962072504598163
223,12.299112067295642,12.224163094851328
224,12.103491596905933,11.964685683907726
225,12.357079818283598,12.327256528754967
226,11.350418300109132,11.33058376303406
227,12.08954444723597,12.07458894333726
228,12.000897933306716,11.948403535335043
229,11.794345471549745,11.76702279068964
230,11.870606902224589,12.318422678464145
231,11.767575435251748,11.778186652552561
232,11.951186847493476,11.967712007915532
233,12.215037342290756,12.253478180733842
234,12.07824495582233,12.144015177049516
235,11.759793355371237,11.774062907310116
236,12.404927602627597,12.470900143749999
237,11.350418300109132,11.492599814276485
238,12.83468397161566,12.44464039053322
239,11.728044909070784,11.757194149836916
240,12.468440756144114,12.407791428097187
241,12.098493002763464,12.126621051761584
242,12.144202560946876,11.913535314724461
243,11.924379271639218,12.010357366634736
244,12.136191879981927,12.20200341770866
245,11.819681958463892,11.691636143873957
246,12.59640381105362,12.508502908206157
247,12.170450649220747,12.125838805954718
248,11.87757552297847,11.779768694783874
249,12.359527368950229,12.35307945010774
250,12.75130259456002,12.83796321499119
251,11.898194668458824,11.834427804545331
252,11.775297421715829,11.689476446361073
253,12.141539457711714,12.203161858931214
254,12.07254696717504,11.893144055727953
255,12.094587859196112,12.047879372445726
256,12.141539457711714,12.203843998596145
257,11.78676973513378,11.748882456314798
258,11.761354623750297,11.785220839468064
259,12.07824495582233,12.028869044144404
260,12.887129532148371,13.010076212354736
261,11.81673429934846,11.80540807434456
262,12.577639650232571,12.600291743295708
263,12.42250975887691,12.405570798903726
264,12.154784614286667,12.032456599073729
265,11.896833207128452,11.921534168197063
266,12.567240979056246,12.591128471630444
267,11.652696102959752,11.65435520073093
268,11.736077016252436,11.663527765457188
269,11.38510345703214,11.39140739863625
270,12.086731521684555,12.036334506623964
271,11.759793355371237,11.72963409732507
272,11.951186847493476,11.970504886327777
273,11.53273789613992,11.699519352453214
274,11.603688960617085,11.599600312432619
275,12.239995696974733,12.118783589075402
276,10.97679912709094,11.269596863235579
277,11.48247656671073,11.530557805234773
278,11.982935344196433,11.94813033598039
279,11.916395250412128,11.865677856719046
280,11.630717389475995,11.712562229861936
281,11.744045122410055,11.731579888959331
282,13.049794835104816,12.971323695652927
283,12.001511614739403,11.92665488880945
284,12.04355959836804,12.118820073476009
285,12.086731521684555,12.083215369368892
286,12.9917557065369,13.070534510415374
287,12.354496960983983,12.298209050069897
288,13.00866150247074,13.043434182991446
289,12.384223015005311,12.20889454116615
290,11.884495917930655,12.034138439861739
291,11.944064817531656,11.867590584659336
292,12.040614105490253,11.930390412114374
293,11.92504173829169,11.926958783596922
294,11.686887175419702,11.706118193105457
295,12.149507585033072,12.179650700512187
296,12.396697137361691,12.246449081893282
297,11.91170829631447,12.024808542813062
298,12.106997888588934,12.162025616097385
299,12.249615734512616,12.25303888764817
300,12.421188057397057,12.356907505587372
301,12.123239799036943,12.152027266080825
302,12.188422799337028,12.14701879481046
303,11.992266613576142,11.874927587756382
304,12.554840409959793,12.570870497095372
305,12.28765724080691,12.292499204643505
306,11.849404844423074,11.914591192726888
307,11.60824473564232,11.566464109473428
308,11.951186847493476,11.890117531354203
309,11.992266613576142,12.029379616089269
310,12.013706813470414,12.009893000879751
311,12.449022745701502,12.466530850795174
312,11.849404844423074,11.73063470237792
313,12.504327379899443,12.531706834134424
314,11.856522261533735,11.784124442972544
315,11.95761769646754,11.89890857794546
316,12.75130259456002,12.811696190410451
317,11.976665770490769,11.98127252627901
318,12.240478903153711,12.128121644649575
319,11.87757552297847,11.753986515876797
320,12.173037959397275,12.17651771498477
321,12.688501881189456,12.630550239989153
322,12.84132849667433,12.772453903377116
323,11.86710429621008,11.90230455795198
324,12.458778882573531,12.43707551352267
325,12.45293662970407,12.307180152693512
326,11.751950239425476,11.702362481167922
327,11.320565693461432,11.196343023030062
328,12.130815551850676,12.151310796732526
329,12.09626335986454,12.0650841160462
330,11.944714374881176,11.960125202854389
331,12.971542813248435,12.713951249327947
332,11.863589378812122,11.780817907938395
333,11.58989576532275,11.616135599807603
334,11.767575435251748,11.78540451927949
335,12.54076114938842,12.28682134555802
336,12.206782393599411,12.142446904940815
337,12.33270970174018,12.243128899111312
338,11.80186424743109,11.80230107333456
339,11.451060699493429,11.385760955584887
340,11.440365524765756,11.52924508492902
341,12.220966184120163,12.339514852517578
342,11.6262630788088,11.55002713419011
343,12.41044511731981,12.399598090238745
344,12.301387370778713,12.417805279105853
345,12.618185607609805,12.631804748531582
346,12.386312871189734,12.388043377649973
347,11.52288569676448,11.42785736219866
348,11.264476926102368,11.346729588759924
349,12.058158312538197,12.199057424758005
350,11.884495917930655,11.870695964440069
351,11.402005077384883,11.42589119040264
352,11.891368749982083,11.912856189632498
353,12.098854850641,12.166541035173289
354,11.856522261533735,11.551250320171388
355,11.60824473564232,11.615823403329776
356,12.660331092405906,12.637804009728523
357,12.100161978566868,12.04540408181194
358,12.90669432231532,12.750655213772824
359,11.964007453736912,11.9310916589135
360,12.128116509451258,12.096588372332393
361,11.51293546492023,11.39733892263626
362,12.013100572810686,12.017588261902667
363,11.849404844423074,11.729747254732201
